Mouse, 0.01, 0.1, 0.8365927, 1
Mouse, 0.01, 0.1, 0.8664514, 1
Mouse, 0.01, 0.1, 0.6331835, 1
Mouse, 0.01, 0.1, 0.6831651, 0
Mouse, 0.01, 0.1, 0.6997571, 1
Mouse, 0.01, 0.1, 0.6165044, 1
Mouse, 0.01, 0.1, 0.7664304, 1
Mouse, 0.01, 0.1, 0.6165237, 0
Mouse, 0.01, 0.1, 0.5498724, 0
Mouse, 0.02, 0.1, 0.1999335, 0
Mouse, 0.02, 0.1, 0.3999047, 0
Mouse, 0.02, 0.1, 0.2499385, 0
Mouse, 0.02, 0.1, 0.1833315, 0
Experiment run at 2024-07-30 12:14:09
Mouse, 0.01, 0.1, 1.229098, 1
Mouse, 0.01, 0.1, 1.152528, 1
Mouse, 0.01, 0.1, 0.6503141, 0
Mouse, 0.01, 0.1, 1.239856, 1
Mouse, 0.01, 0.1, 0.8985639, 1
Mouse, 0.01, 0.1, 0.6503, 1
Mouse, 0.01, 0.1, 0.633904, 1
Mouse, 0.01, 0.1, 0.7170095, 1
Mouse, 0.01, 0.1, 0.6055374, 0
Mouse, 0.02, 0.1, 0.8231149, 1
Mouse, 0.02, 0.1, 0.6673422, 1
Mouse, 0.02, 0.1, 0.5658455, 0
Mouse, 0.02, 0.1, 0.885705, 1
Mouse, 0.02, 0.1, 0.5801506, 0
Mouse, 0.02, 0.1, 0.6979856, 1
Mouse, 0.02, 0.1, 0.7046213, 0
Experiment run at 2024-07-30 12:14:32
Mouse, 0.01, 0.1, 0.9468177, 1
Mouse, 0.01, 0.1, 0.9711139, 1
Mouse, 0.01, 0.1, 0.821661, 1
Mouse, 0.01, 0.1, 0.840668, 1
Mouse, 0.01, 0.1, 0.7243364, 1
Mouse, 0.01, 0.1, 0.8001366, 0
Mouse, 0.01, 0.1, 0.9331465, 1
Mouse, 0.01, 0.1, 0.9284, 1
Mouse, 0.01, 0.1, 1.052403, 1
Mouse, 0.02, 0.1, 0.6022854, 0
Experiment run at 2024-07-30 12:15:25
Mouse, 0.01, 0.1, 0.7158058, 1
Mouse, 0.01, 0.1, 0.6671489, 0
Mouse, 0.01, 0.1, 0.7461694, 1
Mouse, 0.01, 0.1, 0.7018857, 1
Mouse, 0.01, 0.1, 0.7077708, 1
Mouse, 0.01, 0.1, 0.7868056, 0
Mouse, 0.01, 0.1, 0.8963614, 0
Experiment run at 2024-07-30 12:15:54
Mouse, 0.01, 0.1, 1.402996, 1
Mouse, 0.01, 0.1, 0.9330821, 1
Mouse, 0.01, 0.1, 0.7831609, 1
Mouse, 0.01, 0.1, 0.916434, 1
Mouse, 0.01, 0.1, 0.8664622, 1
Mouse, 0.01, 0.1, 0.6165366, 1
