Experiment run at 2024-07-30 12:19:51
Mouse, 0.01, 0.1, 0.8340775, 1
Mouse, 0.01, 0.1, 1.019476, 0
Mouse, 0.01, 0.1, 0.7714428, 1
Mouse, 0.01, 0.1, 0.8167388, 1
Mouse, 0.01, 0.1, 0.7321157, 0
Mouse, 0.01, 0.1, 0.7950201, 1
Mouse, 0.01, 0.1, 0.6845737, 1
Mouse, 0.01, 0.1, 0.6014781, 1
Experiment run at 2024-07-30 12:30:27
Mouse, 0.01, 0.1, 1.684244, 1
Mouse, 0.01, 0.1, 2.356656, 1
Mouse, 0.01, 0.1, 2.306226, 1
Mouse, 0.01, 0.1, 3.113187, 1
Mouse, 0.01, 0.1, 1.850533, 1
Mouse, 0.01, 0.1, 1.260139, 0
Mouse, 0.01, 0.1, 0.7853832, 1
Mouse, 0.01, 0.1, 0.6923208, 1
Mouse, 0.01, 0.1, 0.6442957, 1
Mouse, 0.02, 0.1, 1.001952, 1
Mouse, 0.02, 0.1, 0.8431253, 1
Mouse, 0.02, 0.1, 0.7677422, 1
Mouse, 0.02, 0.1, 0.7058182, 0
Mouse, 0.02, 0.1, 0.9330654, 1
Mouse, 0.02, 0.1, 0.6222, 1
Mouse, 0.02, 0.1, 0.6938496, 1
Mouse, 0.02, 0.1, 0.7212486, 0
Mouse, 0.02, 0.1, 0.7346687, 1
Mouse, 0.03, 0.1, 0.5929508, 1
Mouse, 0.03, 0.1, 0.5820007, 1
Mouse, 0.03, 0.1, 0.6705132, 1
Mouse, 0.03, 0.1, 0.6544304, 1
Mouse, 0.03, 0.1, 0.6001835, 0
Mouse, 0.03, 0.1, 0.6871243, 1
Mouse, 0.03, 0.1, 0.7054863, 1
Mouse, 0.03, 0.1, 0.8255119, 0
Mouse, 0.03, 0.1, 0.7621155, 1
Mouse, 0.01, 0.2, 0.7354641, 1
Mouse, 0.01, 0.2, 0.9044437, 1
Mouse, 0.01, 0.2, 0.8719826, 1
Mouse, 0.01, 0.2, 1.342583, 0
Mouse, 0.01, 0.2, 2.303398, 1
Mouse, 0.01, 0.2, 2.141937, 1
Mouse, 0.01, 0.2, 1.204288, 1
Mouse, 0.01, 0.2, 1.602428, 1
Mouse, 0.01, 0.2, 1.326504, 0
Experiment run at 2024-07-30 12:30:57
Mouse, 0.01, 0.1, 1.272079, 1
Mouse, 0.01, 0.1, 0.9795797, 1
Mouse, 0.01, 0.1, 0.8389957, 1
Mouse, 0.01, 0.1, 0.9299242, 0
Mouse, 0.01, 0.1, 2.124993, 1
Mouse, 0.01, 0.1, 1.64187, 1
Mouse, 0.01, 0.1, 1.425547, 1
